28256
19675
27512
13113
29319
5772
8919
3770
6195
26240
17729
32247
1898
31675
31452
12752
30601
11641
413
5972
11205
939
26884
13288
27330
27957
24827
7964
11965
11566
8684
10965
13665
12446
1638
30715
11742
26721
833
14959
24169
19644
14691
24513
26340
23003
30978
14967
3331
20414
29287
3181
10656
10554
23117
15646
19457
11874
18438
10030
19453
17732
21907
16620
13606
3276
3028
25502
5307
518
19070
31511
22442
25144
24408
22452
4259
1086
26199
18890
32259
26801
16121
4652
15867
26671
13609
20049
10947
14702
7498
29706
1150
11010
32528
11972
26069
28879
7072
31934
23759
1119
29379
30285
2850
32244
20009
31464
15073
11098
5095
31593
6441
21565
5089
12292
580
19214
13670
12952
29043
5253
6420
2194
29232
13629
9136
18152
15645
23352
89
5861
22025
18174
24335
28302
15889
10297
23478
3770
3268
2237
27576
17416
27933
115
8579
6787
8575
4829
25955
3713
18310
1955
3924
7301
6748
7819
2964
17036
27465
19287
31687
17680
17142
4519
12335
26934
2905
19838
12528
23970
26208
5029
14129
20246
10289
32095
957
2001
16784
28262
21245
3582
2543
26358
18911
25035
9759
26554
9341
15513
12565
20534
7897
17827
16907
16174
32246
4769
12439
27952
29888
12052
22365
5249
30738
10098
13131
2467
13782
17358
5408
21181
8837
24199
12227
15886
